0001 1 1
0002 1 0
0003 2 0
0004 1 2
0005 1 1
0006 1 3
0007 2 1
0008 1 4
0009 1 1
0010 0 1
0011 1 2
0012 0 2
0013 2 3
0014 1 1
0015 1 3
0016 1 3
0017 2 1
0018 1 1
0019 1 3
0020 1 1
0021 1 2
0022 1 0
0023 1 3
0024 1 2
0025 1 2
0026 2 2
0027 1 2
0028 1 2
0029 2 2
0030 1 2
0031 2 1
0032 1 0
0033 2 1
0034 1 2
0035 1 3
0036 1 2
0037 1 2
0038 1 1
0039 1 3
0040 2 2
0041 1 3
0042 1 1
0043 1 2
0044 1 1
0045 2 2
0046 2 1
0047 1 1
0048 1 1
0049 0 3
0050 1 2
0051 2 0
0052 1 2
0053 1 1
0054 1 3
0055 1 2
0056 2 2
0057 1 2
0058 1 2
0059 2 3
0060 1 2
0061 1 1
0062 1 1
0063 2 2
0064 1 1
0065 2 2
0066 1 1
0067 1 1
0068 1 3
0069 1 1
0070 2 2
0071 2 2
0072 1 2
0073 1 2
0074 1 2
0075 1 1
0076 2 2
0077 2 2
0078 1 2
0079 1 2
0080 1 3
0081 2 1
0082 1 3
0083 2 2
0084 2 1
0085 2 1
0086 1 0
0087 1 2
0088 1 2
0089 1 1
0090 1 2
0091 0 2
0092 1 2
0093 1 1
0094 1 1
0095 1 2
0096 1 1
0097 1 1
0098 1 1
0099 1 1
0100 0 2